>FOS.1;JUNB;CREB5;ATF3.1;ATF7;ATF6;CREB3L1;CREB3;XBP1;SREBF2.1;TFE3;BHLHE41;USF2;MLX;HES6;CREB3L2;MLXIP;ARNT;ARNTL;MLXIPL;BHLHE40;HEY1;EPAS1;HIF1A;MYC;MYCN;MNT;SOHLH2;CLOCK;MAX;CREB3L4;HES1;HES5;ATF1;CREB3L4.1;GMEB1;GMEB2
A [ 43   9   1   95   0   2   1   3   59 ]
C [ 12   12   61   0   98   0   8   28   17 ]
G [ 37   13   35   4   0   98   0   68   13 ]
T [ 8   66   3   1   2   0   91   1   11 ]
>IKZF1;ELF1;GABPA;ELF3;ETV1;ELK4;ETV5;ELK1;ELK3;ETS2;ETS1;FLI1;ETV4;ELF2;ETV6;ZBTB7A;ZBTB11;ETV3;ZBTB2;NFATC3;REL;RBPJ;RELB;TEAD2;NFATC4;NFAT5;NFATC2;RELA;TEAD1;TEAD3
A [ 10   34   3   1   82   92   30   7 ]
C [ 71   58   2   0   1   1   4   12 ]
G [ 13   4   84   98   16   1   65   5 ]
T [ 6   4   11   1   1   6   1   76 ]
>LMX1A;ALX1;ARX;PITX1;PITX2;SATB1;ARID3B;EMX2;HOXA2;ISX;MSX1;MSX2;TLX2;LHX9;PRRX2;HOXC4;HOXD4;HOXB7;HOXA5;HOXB8;HOXD8;HOXB2;HOXB5
A [ 7   65   82   2   0   98 ]
C [ 26   22   6   16   1   0 ]
G [ 7   7   6   1   3   2 ]
T [ 60   6   6   81   96   0 ]
>EGR2;KLF9;PATZ1;SP1;SP4;KLF10;KLF12;SP2;KLF5;KLF1;KLF7;KLF11;KLF16;KLF3;SP3
A [ 32   10   2   62   2   28   0   4   0 ]
C [ 12   81   93   20   97   3   98   95   96 ]
G [ 47   4   1   17   0   62   1   1   0 ]
T [ 9   5   4   1   1   7   1   0   4 ]
>FOXC2;FOXJ3;FOXQ1;FOXO4;FOXK1;FOXS1;FOXL2;FOXA3;FOXP1;FOXO3;FOXK2;FOXP4;FOXA1;FOXA2
A [ 9   3   92   89   96   2   95 ]
C [ 2   3   5   6   1   80   1 ]
G [ 86   2   1   2   1   2   1 ]
T [ 3   92   2   3   2   16   3 ]
>MEIS1.1;MEIS2.1;PBX2;GATA5;GATA1;GATA2;GATA3;TRPS1;GATA4;GATA6;TBP;CDX2;HOXA10
A [ 4   13   30   95   2   3   26 ]
C [ 59   3   2   2   2   82   4 ]
G [ 7   1   1   1   1   3   11 ]
T [ 30   83   67   2   95   12   59 ]
>TBX1;TBX3;MGA;TBX18;TBX2;FIGLA;TCF4;TCF12.1;TCF3;SNAI2;SNAI1;ZEB1
A [ 27   7   88   4   1   1   2 ]
C [ 12   77   2   5   3   5   1 ]
G [ 50   8   7   88   95   1   96 ]
T [ 11   8   3   3   1   93   1 ]
>NR4A1;NR4A2;RORA;BCL11A;NR2C1;PPARA;NR1H2;NR2F2;NR2C2.1;RORC
A [ 55   73   1   1   1   1   83 ]
C [ 14   3   1   1   1   89   3 ]
G [ 15   18   91   92   4   3   11 ]
T [ 16   6   7   6   94   7   3 ]
>BATF3;BNC2;ATF3;JUN;MAFK;JUNB.1;JUND.1;BACH1;FOS
A [ 50   1   1   97   5   3   6   97 ]
C [ 19   1   1   1   75   1   92   1 ]
G [ 19   1   94   1   16   2   1   1 ]
T [ 12   97   4   1   4   94   1   1 ]
>JUND;JUN.1;MAF;MAFG;BACH2;NFE2;FOSL2;NFE2L2
A [ 74   0   0   98   1   3   1   77   29 ]
C [ 7   1   0   1   51   2   74   21   9 ]
G [ 18   0   99   1   33   26   0   1   14 ]
T [ 1   99   1   0   15   69   25   1   48 ]
>LEF1;TCF7;SOX6;DMRT1;SOX4;SOX10;SOX11
A [ 2   17   4   2   2   28 ]
C [ 92   1   2   0   2   1 ]
G [ 1   1   2   1   94   1 ]
T [ 5   81   92   97   2   70 ]
>NR2C2;NR2F6.2;RARB.2;RARG.2;RXRB.1;NR5A1;RORA.1
A [ 63   7   4   4   1   93   42   9   43   14   3 ]
C [ 7   5   7   7   93   2   15   1   4   49   85 ]
G [ 23   81   54   4   3   3   4   89   49   8   3 ]
T [ 7   7   35   85   3   2   39   1   4   29   9 ]
>ELF4;SPIC;SPI1;STAT5B;STAT3;STAT1;STAT6
A [ 50   61   61   7   71   5   3   97   96   11   18   13 ]
C [ 5   6   21   18   3   0   1   1   1   11   8   10 ]
G [ 17   12   8   59   18   94   95   1   1   72   9   67 ]
T [ 28   21   10   16   8   1   1   1   2   6   65   10 ]
>THRA;NR2F1;NR2F6.1;ESR1;RARA.1;NR1D1;NR1D2
A [ 8   44   9   13   0   0   82   6   13   46   1   2   20   0   69 ]
C [ 9   6   1   0   1   43   0   27   2   6   1   0   3   88   17 ]
G [ 13   45   82   87   23   17   1   62   6   43   66   98   7   3   13 ]
T [ 70   5   8   0   76   40   17   5   79   5   32   0   70   9   1 ]
>RARA;RARB.1;RARG;RARG.1;NR2F6;RARB
A [ 41   60   0   2   15   4   85   90   85   94   0   0   0   0   99 ]
C [ 5   1   2   14   1   91   6   2   0   0   0   0   0   99   0 ]
G [ 50   37   84   74   1   2   7   3   12   6   100   81   0   0   1 ]
T [ 4   2   14   10   83   3   2   5   3   0   0   19   100   1   0 ]
>SOX9;SRY;SOX5;SOX13;SOX15;SOX8
A [ 4   87   1   2   4   2 ]
C [ 68   1   1   1   2   1 ]
G [ 3   2   1   1   93   0 ]
T [ 25   10   97   96   1   97 ]
>IRF2;IRF5;IRF6;PRDM4;IRF1;STAT2
A [ 16   76   81   88   9   21   5   92   91   92 ]
C [ 9   7   8   6   65   20   2   2   2   2 ]
G [ 66   10   5   4   16   2   91   4   3   3 ]
T [ 9   7   6   2   10   57   2   2   4   3 ]
>PBX3;PKNOX1;CREB1;ATF2;CREM
A [ 2   23   73   3   2   26   5   93 ]
C [ 2   2   4   23   2   1   91   1 ]
G [ 22   71   17   16   94   2   2   3 ]
T [ 74   4   6   58   2   71   2   3 ]
>MAZ;WT1;PLAGL2;VEZF1
A [ 1   1   0   0   0   4   1 ]
C [ 92   72   98   97   29   94   97 ]
G [ 6   8   2   2   1   1   1 ]
T [ 1   19   0   1   70   1   1 ]
>MEF2C;HOXD9;HMGA1;MEF2A
A [ 2   80   91   67   87   95   32   61 ]
C [ 25   12   1   0   1   1   1   13 ]
G [ 1   3   3   1   1   1   0   13 ]
T [ 72   5   5   32   11   3   67   13 ]
>HOXC10;HOXD10;HOXB9;HOXC9
A [ 21   0   2   26   0   85   99   98   68 ]
C [ 10   2   97   0   0   0   0   1   9 ]
G [ 69   0   0   74   0   0   0   0   7 ]
T [ 0   98   1   0   100   15   1   1   16 ]
>RXRB;NR2F1.2;PPARD;RXRA
A [ 26   47   1   1   0   0   99   92   95   0   0   0   0   90 ]
C [ 15   1   0   0   1   91   0   0   0   0   0   1   91   0 ]
G [ 48   52   98   91   2   2   1   5   5   100   94   2   2   9 ]
T [ 11   0   1   8   97   7   0   3   0   0   6   97   7   1 ]
>KLF2;KLF6;EGR1;KLF4
A [ 9   3   15   2   74   1   7   2 ]
C [ 60   88   78   94   6   96   65   89 ]
G [ 26   3   4   2   15   2   24   3 ]
T [ 5   6   3   2   5   1   4   6 ]
>IRF9;IRF3;IRF8
A [ 30   48   61   83   35   1   1   100   100   99   2   2   1   99   98   97   2 ]
C [ 9   7   7   6   31   40   0   0   0   0   89   76   0   1   0   0   82 ]
G [ 48   36   18   5   15   50   99   0   0   0   6   10   99   0   0   0   14 ]
T [ 13   9   14   6   19   9   0   0   0   1   3   12   0   0   2   3   2 ]
>NRF1;E2F2;E2F4
A [ 4   1   1   1   0   13   50   41 ]
C [ 18   1   97   1   97   67   8   11 ]
G [ 50   98   1   97   2   17   3   38 ]
T [ 28   0   1   1   1   3   39   10 ]
>NFIX.1;NFIB;NFIC.1
A [ 13   1   0   0   8   43   17   20   24   8   0   0   0   90 ]
C [ 15   1   0   0   91   11   38   27   15   10   0   100   100   8 ]
G [ 10   11   100   100   0   27   21   32   42   7   98   0   0   0 ]
T [ 62   87   0   0   1   19   24   21   19   75   2   0   0   2 ]
>ZSCAN29;SMAD3;SMAD5
A [ 16   1   3   0   0   91   0   87   0 ]
C [ 10   0   0   100   2   6   8   5   98 ]
G [ 10   99   7   0   6   3   90   4   1 ]
T [ 64   0   90   0   92   0   2   4   1 ]
>TGIF2;PKNOX2;TGIF1
A [ 2   0   97   0   99   1   7   0   1   2   0   95 ]
C [ 2   0   0   99   0   1   66   2   0   2   98   1 ]
G [ 1   100   2   0   1   86   27   0   99   0   1   2 ]
T [ 95   0   1   1   0   12   0   98   0   96   1   2 ]
>TFAP2B.1;TFAP2B.2;ZFX
A [ 1   0   0   3   26   57   5   1   2 ]
C [ 50   94   82   35   36   11   0   7   85 ]
G [ 48   5   2   17   30   32   95   92   9 ]
T [ 1   1   16   45   8   0   0   0   4 ]
>HOXA7;LBX2;PRRX1
A [ 9   77   93   0   6   90 ]
C [ 44   13   3   0   7   3 ]
G [ 4   6   2   0   3   1 ]
T [ 43   4   2   100   84   6 ]
>ZBTB7C;BCL11B;RUNX1
A [ 60   76   90   4   2   92   4   88   57 ]
C [ 15   6   4   92   95   3   91   6   9 ]
G [ 9   10   5   2   1   2   3   3   20 ]
T [ 16   8   1   2   2   3   2   3   14 ]
>ISL1;HOXB6;HOXC8
A [ 1   52   94   0   6   80 ]
C [ 47   39   4   0   0   0 ]
G [ 1   3   2   0   13   20 ]
T [ 51   6   0   100   81   0 ]
>E2F6;E2F8;TFDP1
A [ 7   1   11   3   1   1   88   77 ]
C [ 6   3   81   2   2   3   3   5 ]
G [ 85   95   2   93   96   95   7   15 ]
T [ 2   1   6   2   1   1   2   3 ]
>YY2;NFIA;NFIC
A [ 5   0   0   0   0   93 ]
C [ 0   1   0   0   99   1 ]
G [ 1   0   100   100   0   5 ]
T [ 94   99   0   0   1   1 ]
>NFYB;NFYA;NFYC
A [ 3   3   95   2   2   1   2 ]
C [ 16   28   1   4   1   1   2 ]
G [ 7   65   2   3   2   96   95 ]
T [ 74   4   2   91   95   2   1 ]
>POU5F1;TWIST1;YY1
A [ 27   5   97   1   4   2   15   18 ]
C [ 56   85   1   2   40   14   1   8 ]
G [ 9   5   1   3   18   3   33   65 ]
T [ 8   5   1   94   38   81   51   9 ]
>ZSCAN21;NKX2-1;NKX3-1
A [ 1   96   1   2   2   32   69 ]
C [ 92   1   97   1   4   5   10 ]
G [ 1   1   1   2   2   57   10 ]
T [ 6   2   1   95   92   6   11 ]
>ZBTB24;HAND1;SMAD2
A [ 3   1   91   1   83   12 ]
C [ 91   93   4   2   2   84 ]
G [ 4   4   4   96   14   2 ]
T [ 2   2   1   1   1   2 ]
>IRF7;HSF1;HSF2
A [ 6   96   95   31   32   2   1   18   18   78   6   81   79 ]
C [ 3   1   1   31   17   12   0   82   14   7   5   4   7 ]
G [ 88   2   1   12   46   0   19   0   12   14   87   1   6 ]
T [ 3   1   3   26   5   86   80   0   56   1   2   14   8 ]
>TCF12;TWIST2
A [ 0   98   1   1   0   0 ]
C [ 100   1   1   97   1   0 ]
G [ 0   1   97   1   1   100 ]
T [ 0   0   1   1   98   0 ]
>GLI3;KLF13
A [ 5   77   8   2   97   0   7   0   76   5   10   30   22   2 ]
C [ 0   3   89   97   2   100   69   100   24   93   23   10   36   3 ]
G [ 82   20   1   0   0   0   24   0   0   1   66   3   3   75 ]
T [ 13   0   2   1   1   0   0   0   0   1   1   57   39   20 ]
>TCF21;TFAP4
A [ 76   56   0   100   0   1   0   0   44   6 ]
C [ 11   13   100   0   2   98   0   0   3   14 ]
G [ 8   1   0   0   98   1   0   100   9   9 ]
T [ 5   30   0   0   0   0   100   0   44   71 ]
>SREBF1.1;USF1
A [ 22   4   1   97   1   61   1   1   73   3 ]
C [ 6   8   96   1   88   13   1   2   6   71 ]
G [ 69   5   2   1   5   25   1   96   15   6 ]
T [ 3   83   1   1   6   1   97   1   6   20 ]
>GLIS2;NFKB2
A [ 3   2   2   15   78   42   7   6   2   0   0 ]
C [ 3   2   2   1   9   9   18   82   98   100   99 ]
G [ 92   94   91   76   8   0   7   0   0   0   0 ]
T [ 2   2   5   8   5   49   68   12   0   0   1 ]
>FOXN3;FOXP2
A [ 10   4   97   97   97   1   97   72 ]
C [ 1   1   1   1   1   97   1   9 ]
G [ 88   1   1   1   1   1   1   17 ]
T [ 1   94   1   1   1   1   1   2 ]
>RFX1;RFX5
A [ 9   1   0   0   21   0   0   99   1   11   15   4   84   100   0   15 ]
C [ 42   0   0   4   1   84   88   0   0   0   0   65   0   0   100   33 ]
G [ 34   99   0   0   74   0   0   0   0   89   85   1   4   0   0   43 ]
T [ 15   0   100   96   4   16   12   1   99   0   0   30   12   0   0   9 ]
>ATF4;CEBPG.1
A [ 66   1   1   91   3   1   13   98   98   3 ]
C [ 13   1   1   1   6   0   73   1   0   15 ]
G [ 19   1   88   4   2   98   1   0   1   7 ]
T [ 2   97   10   4   89   1   13   1   1   75 ]
>ZBTB14;ZFP57
A [ 3   1   1   1   2   1   89 ]
C [ 33   40   60   88   3   92   3 ]
G [ 7   58   38   10   94   5   7 ]
T [ 57   1   1   1   1   2   1 ]
>MAFB;MAFF
A [ 64   74   70   55   5   2   8   2   2   97   5 ]
C [ 6   4   5   12   4   1   89   1   1   1   74 ]
G [ 13   6   5   12   1   96   1   0   92   1   11 ]
T [ 17   16   20   21   90   1   2   97   5   1   10 ]
>CEBPA;CEBPD
A [ 59   1   1   11   1   78   7   93   95   10 ]
C [ 13   1   0   1   96   5   79   6   1   21 ]
G [ 18   1   3   75   1   9   2   0   2   13 ]
T [ 10   97   96   13   2   8   12   1   2   56 ]
>PLAGL1;ZFP961
A [ 12   1   8   1   1   5   1   85 ]
C [ 10   2   2   10   2   91   93   5 ]
G [ 17   96   87   87   96   2   3   7 ]
T [ 61   1   3   2   1   2   3   3 ]
>THAP1;ZFP335
A [ 9   11   90   2   1   2   2   95 ]
C [ 19   64   6   2   4   1   94   2 ]
G [ 61   18   4   95   94   95   2   3 ]
T [ 11   7   0   1   1   2   2   0 ]
>CEBPB;CEBPG
A [ 65   1   0   31   0   4   2   100   100   0 ]
C [ 10   0   0   0   98   1   89   0   0   35 ]
G [ 24   1   3   68   0   94   0   0   0   3 ]
T [ 1   98   97   1   2   1   9   0   0   62 ]
>DMRTA1;DMRTC2
A [ 21   8   0   35   20   100   0   87   26   15 ]
C [ 12   13   0   24   3   0   100   0   7   16 ]
G [ 8   12   100   0   0   0   0   2   11   15 ]
T [ 59   67   0   41   77   0   0   11   56   54 ]
>OSR1;ZKSCAN1
A [ 4   0   0   95   0   0   29   7 ]
C [ 54   99   1   1   100   21   3   10 ]
G [ 42   1   0   0   0   1   66   8 ]
T [ 0   0   99   4   0   78   2   75 ]
>NFIL3;POU2F1
A [ 12   3   95   2   5   4   83   91 ]
C [ 11   4   1   6   2   59   2   1 ]
G [ 11   6   3   2   87   4   1   4 ]
T [ 66   87   1   90   6   33   14   4 ]
>CUX1;CUX2
A [ 12   57   96   1   0   30   100   1   62 ]
C [ 8   5   0   4   98   0   0   1   14 ]
G [ 7   25   3   1   0   69   0   0   9 ]
T [ 73   13   1   94   2   1   0   98   15 ]
>MEIS1;MEIS3
A [ 9   0   96   0   86 ]
C [ 6   1   3   98   0 ]
G [ 3   99   1   0   10 ]
T [ 82   0   0   2   4 ]
>SREBF1;SREBF2
A [ 53   0   0   100   0   13   0   2   100   0 ]
C [ 15   0   100   0   83   62   77   85   0   38 ]
G [ 30   0   0   0   15   22   0   13   0   15 ]
T [ 2   100   0   0   2   3   23   0   0   47 ]
>HINFP;ZKSCAN5
A [ 18   4   4   87   1   1   0   1   1 ]
C [ 56   5   87   3   92   47   1   97   94 ]
G [ 13   5   4   8   4   14   2   1   1 ]
T [ 13   86   5   2   3   38   97   1   4 ]
>PRDM5;ZBTB26
A [ 8   1   2   3   5   1   92 ]
C [ 13   2   95   3   29   29   4 ]
G [ 8   2   1   2   65   69   2 ]
T [ 71   95   2   92   1   1   2 ]
>DBP;TEF
A [ 46   1   1   95   0   33   0   96   100   1 ]
C [ 12   0   0   0   78   0   6   3   0   47 ]
G [ 41   0   6   5   0   67   0   0   0   14 ]
T [ 1   99   93   0   22   0   94   1   0   38 ]
>MYBL1;MYBL2
A [ 62   10   8   2   1   0   86   98   34   2 ]
C [ 3   81   80   0   1   0   1   1   63   58 ]
G [ 22   5   11   98   1   0   2   1   1   28 ]
T [ 13   4   1   0   97   100   11   0   2   12 ]
>CTCF.1;CTCF.2
A [ 10   3   24   53   19   10   17   13   16   28   21   25   27   23   14   22   24   10   3   66   6   17   79   3   39   7   3   5   15   40 ]
C [ 5   24   60   11   15   14   23   54   51   29   33   31   23   25   35   20   12   76   94   5   53   41   3   1   1   3   1   6   69   7 ]
G [ 30   67   4   20   38   16   22   13   12   20   28   19   21   29   14   35   47   7   1   13   37   8   11   95   59   51   94   80   4   45 ]
T [ 55   6   12   16   28   60   38   20   21   23   18   25   29   23   37   23   17   7   2   16   4   34   7   1   1   39   2   9   12   8 ]
>E2F3;E2F7
A [ 27   14   9   7   0   0   0   0   0   0   82   91   87   71 ]
C [ 1   0   1   0   14   3   100   0   100   89   11   0   0   1 ]
G [ 1   0   0   11   86   97   0   100   0   11   0   1   0   0 ]
T [ 71   86   90   82   0   0   0   0   0   0   7   8   13   28 ]
>NR2F1.1
A [ 60   53   69   0   0   0   0   99   43   27   27   12 ]
C [ 14   3   0   0   0   0   100   0   25   25   20   6 ]
G [ 10   40   31   100   100   0   0   1   13   36   33   75 ]
T [ 16   4   0   0   0   100   0   0   19   12   20   7 ]
>BACH2.1
A [ 55   62   75   16   5   99   1   23   100   0   0   0   0   96   0   1   33   20   25 ]
C [ 10   3   3   26   60   0   0   0   0   100   0   0   74   4   20   31   29   8   3 ]
G [ 16   8   8   29   35   0   0   77   0   0   100   0   26   0   0   58   21   0   1 ]
T [ 19   27   14   29   0   1   99   0   0   0   0   100   0   0   80   10   17   72   71 ]
>ZBTB7B
A [ 6   17   89   0   0   69   0   0   23   68 ]
C [ 82   1   11   100   100   31   100   100   14   11 ]
G [ 10   79   0   0   0   0   0   0   54   8 ]
T [ 2   3   0   0   0   0   0   0   9   13 ]
>EBF1
A [ 5   3   1   1   6   76   8   6   3   19   70 ]
C [ 10   76   95   94   87   4   2   1   1   5   14 ]
G [ 12   4   1   1   2   4   85   92   95   73   11 ]
T [ 73   17   3   4   5   16   5   1   1   3   5 ]
>ARID3A
A [ 100   0   4   100   100   74 ]
C [ 0   0   33   0   0   0 ]
G [ 0   0   0   0   0   4 ]
T [ 0   100   63   0   0   22 ]
>MXI1
A [ 0   99   0   93   0   2 ]
C [ 98   0   98   0   2   1 ]
G [ 0   1   0   7   0   96 ]
T [ 2   0   2   0   98   1 ]
>CTCF
A [ 31   6   1   82   4   12   93   1   37   6   1   6   11   41   9 ]
C [ 5   88   99   1   58   48   1   0   0   1   0   1   81   1   53 ]
G [ 49   2   0   7   37   5   4   99   62   56   98   85   1   56   34 ]
T [ 15   4   0   10   1   35   2   0   1   37   1   8   7   2   4 ]
>SP5
A [ 0   0   0   0   0   0 ]
C [ 100   98   0   100   99   100 ]
G [ 0   2   1   0   1   0 ]
T [ 0   0   99   0   0   0 ]
>TCF7L2
A [ 74   2   66   3   4   100   98   100   7 ]
C [ 3   46   1   0   79   0   0   0   1 ]
G [ 13   48   0   0   17   0   2   0   92 ]
T [ 10   4   33   97   0   0   0   0   0 ]
>NR3C1
A [ 40   0   39   100   0   96   10   34   52   0   0   0   38   0   1 ]
C [ 0   0   3   0   100   0   39   16   4   2   0   0   14   100   59 ]
G [ 59   100   12   0   0   4   7   24   36   0   100   0   3   0   1 ]
T [ 1   0   46   0   0   0   44   26   8   98   0   100   45   0   39 ]
>ZKSCAN3
A [ 11   8   17   90   3   0   2   1   94   1   17   0   0   65 ]
C [ 71   73   55   1   0   2   87   3   1   3   80   92   92   11 ]
G [ 8   7   18   9   96   97   2   1   4   90   2   0   1   8 ]
T [ 10   12   10   0   1   1   9   95   1   6   1   8   7   16 ]
>ARID5A
A [ 16   85   97   6   92   2   4   23 ]
C [ 32   3   0   0   1   1   9   3 ]
G [ 3   7   1   1   1   1   4   52 ]
T [ 49   5   2   93   6   96   83   22 ]
>TFAP4.1
A [ 57   45   0   97   0   53   0   0   22   7 ]
C [ 15   29   100   0   26   16   0   1   3   24 ]
G [ 23   0   0   3   19   31   0   99   33   13 ]
T [ 5   26   0   0   55   0   100   0   42   56 ]
>MEIS2
A [ 17   2   0   94   1   99   5   10 ]
C [ 11   0   0   0   99   1   6   43 ]
G [ 13   3   100   2   0   0   85   41 ]
T [ 59   95   0   4   0   0   4   6 ]
>MEF2D
A [ 37   0   0   100   48   88   96   99   0   100   5   50 ]
C [ 2   99   0   0   0   0   0   0   0   0   0   40 ]
G [ 33   0   0   0   0   0   0   0   0   0   95   1 ]
T [ 28   1   100   0   52   12   4   1   100   0   0   9 ]
>SRF
A [ 14   4   41   0   0   93   3   100   0   99   29   0   0   15   21   69 ]
C [ 8   9   39   99   98   1   0   0   0   0   1   0   0   6   65   5 ]
G [ 5   66   9   1   1   1   0   0   1   0   0   100   100   39   9   7 ]
T [ 73   21   11   0   1   5   97   0   99   1   70   0   0   40   5   19 ]
>PLAG1
A [ 0   17   0   0   0   0   22   67   61   11   0   0   0   11 ]
C [ 0   0   0   0   78   83   55   0   28   0   0   0   0   0 ]
G [ 100   77   100   94   22   6   6   0   11   78   100   100   89   89 ]
T [ 0   6   0   6   0   11   17   33   0   11   0   0   11   0 ]
>NR2E3
A [ 100   100   0   0   0   0 ]
C [ 0   0   4   100   0   0 ]
G [ 0   0   96   0   0   0 ]
T [ 0   0   0   0   100   100 ]
>TCF21.1
A [ 62   7   0   83   0   89   2   0   2   9 ]
C [ 1   74   99   0   5   4   11   0   9   45 ]
G [ 24   17   1   16   7   7   0   98   54   1 ]
T [ 13   2   0   1   88   0   87   2   35   45 ]
>SMAD4
A [ 9   0   0   0   0   60   0 ]
C [ 25   0   0   100   0   0   0 ]
G [ 8   100   0   0   0   40   100 ]
T [ 58   0   100   0   100   0   0 ]
>BARX2
A [ 65   79   75   9   30   74   0   0   85 ]
C [ 0   0   9   52   53   0   0   7   1 ]
G [ 0   0   8   4   10   26   0   0   1 ]
T [ 35   21   8   35   7   0   100   93   13 ]
>GFI1B
A [ 64   100   100   0   0   59   3   63   3   8 ]
C [ 25   0   0   19   100   1   75   0   0   76 ]
G [ 6   0   0   2   0   0   22   0   95   4 ]
T [ 5   0   0   79   0   40   0   37   2   12 ]
>MSANTD3
A [ 6   98   3   4   5   78   27 ]
C [ 73   0   89   1   86   14   57 ]
G [ 3   0   3   0   3   2   6 ]
T [ 18   2   5   95   6   6   10 ]
>ZFP809
A [ 50   1   1   1   1   92   2   17   13 ]
C [ 4   2   96   97   97   2   2   73   65 ]
G [ 5   1   1   1   1   4   94   6   7 ]
T [ 41   96   2   1   1   2   2   4   15 ]
>HOXA9
A [ 32   11   4   27   0   53   86 ]
C [ 19   21   91   1   3   4   4 ]
G [ 47   6   1   72   0   2   1 ]
T [ 2   62   4   0   97   41   9 ]
>VDR
A [ 16   93   2   3   4   4   94 ]
C [ 12   2   2   1   2   90   2 ]
G [ 66   3   93   4   1   1   2 ]
T [ 6   2   3   92   93   5   2 ]
>TCF7L1
A [ 68   80   97   0   81   0   3   98   100   99   0   18 ]
C [ 13   3   0   20   4   3   97   1   0   0   5   6 ]
G [ 4   14   0   76   6   5   0   1   0   1   92   70 ]
T [ 15   3   3   4   9   92   0   0   0   0   3   6 ]
>REST
A [ 4   5   90   2   8   98   0   2   57   14   2   1   88   1   98   3   13   23   13   11 ]
C [ 17   85   2   3   61   0   99   93   13   23   0   0   7   79   1   1   64   2   59   71 ]
G [ 9   3   6   94   20   1   1   1   10   8   98   99   2   15   0   95   11   43   20   2 ]
T [ 70   7   2   1   11   1   0   4   20   55   0   0   3   5   1   1   12   32   8   16 ]
>NFKB1
A [ 69   0   0   0   1   94   51   0   0   5   0   0   8 ]
C [ 16   0   0   0   0   0   0   8   99   95   100   100   8 ]
G [ 8   100   100   98   99   6   0   1   0   0   0   0   22 ]
T [ 7   0   0   2   0   0   49   91   1   0   0   0   62 ]
>MTF1
A [ 2   5   2   4   2   96   4   91   0   2   15   0   70   4 ]
C [ 0   9   2   2   98   0   92   5   100   0   4   89   15   90 ]
G [ 7   16   0   94   0   2   4   2   0   96   65   0   11   2 ]
T [ 91   70   96   0   0   2   0   2   0   2   16   11   4   4 ]
>PAX8
A [ 7   0   9   0   97   0   2   0   42   1   0   68   19   5   27   29 ]
C [ 63   0   12   83   0   86   0   76   11   29   42   0   36   34   0   48 ]
G [ 22   94   0   0   2   0   98   24   5   0   58   32   26   3   68   22 ]
T [ 8   6   79   17   1   14   0   0   42   70   0   0   19   58   5   1 ]
>PRDM9
A [ 34   15   25   4   6   13   30   78   16   13   3   45   0   2   36   40   37   27   78   32 ]
C [ 4   3   1   0   0   17   38   1   20   1   0   9   0   0   29   18   0   42   0   8 ]
G [ 45   71   34   90   94   49   21   20   53   85   93   34   100   98   20   27   44   11   17   57 ]
T [ 17   11   40   6   0   21   11   1   11   1   4   12   0   0   15   15   19   20   5   3 ]
>TFAP2B
A [ 23   0   0   0   1   3   12   49   24   0   0   0   57 ]
C [ 12   24   100   100   83   39   27   17   4   0   0   85   9 ]
G [ 7   76   0   0   2   11   31   31   71   100   100   15   15 ]
T [ 58   0   0   0   14   47   30   3   1   0   0   0   19 ]
>RREB1
A [ 27   9   27   0   64   82   73   36   0   100   36   9   27   36   18   36   36   36   9 ]
C [ 73   91   73   100   36   18   27   55   100   0   64   91   73   55   82   46   46   55   64 ]
G [ 0   0   0   0   0   0   0   0   0   0   0   0   0   9   0   0   9   0   27 ]
T [ 0   0   0   0   0   0   0   9   0   0   0   0   0   0   0   18   9   9   0 ]
>THAP11
A [ 89   3   1   94   1   93   63   11   3   1   1   1   73   11 ]
C [ 6   91   6   3   97   2   7   32   3   96   97   94   2   10 ]
G [ 3   3   1   2   1   4   8   25   3   0   1   2   22   64 ]
T [ 2   3   92   1   1   1   22   32   91   3   1   3   3   15 ]
>PRDM15
A [ 11   90   94   87   80   3   10   10   1   3   68 ]
C [ 15   3   2   2   6   86   84   16   0   1   14 ]
G [ 59   6   3   9   7   5   5   1   98   95   10 ]
T [ 15   1   1   2   7   6   1   73   1   1   8 ]
>TFCP2
A [ 59   90   84   0   1   18   0   24   7 ]
C [ 11   1   0   100   82   0   2   4   9 ]
G [ 22   4   1   0   0   81   98   0   3 ]
T [ 8   5   15   0   17   1   0   72   81 ]
>PBX1
A [ 88   6   0   94   94   0   0   88   66 ]
C [ 6   6   100   6   0   0   100   6   0 ]
G [ 6   0   0   0   0   6   0   0   6 ]
T [ 0   88   0   0   6   94   0   6   28 ]
>ZBTB17
A [ 70   94   0   2   11   96   1   5 ]
C [ 11   2   4   80   8   0   3   14 ]
G [ 14   3   0   8   78   4   2   11 ]
T [ 5   1   96   10   3   0   94   70 ]
>HIC2
A [ 47   0   8   0   8   30 ]
C [ 7   2   6   100   91   70 ]
G [ 40   0   83   0   0   0 ]
T [ 6   98   3   0   1   0 ]
>NFIX
A [ 19   0   0   0   93   66 ]
C [ 16   1   91   100   6   3 ]
G [ 10   92   9   0   1   26 ]
T [ 55   7   0   0   0   5 ]
>HMBOX1
A [ 5   75   0   2   15   91   50 ]
C [ 2   0   4   0   3   0   32 ]
G [ 5   22   96   0   1   1   9 ]
T [ 88   3   0   98   81   8   9 ]
>RFX7
A [ 0   0   0   0   23   1   0   65 ]
C [ 58   1   8   9   0   82   39   5 ]
G [ 22   99   0   0   68   11   5   24 ]
T [ 20   0   92   91   9   6   56   6 ]
>OSR2
A [ 58   2   92   1   79   93   3   4 ]
C [ 15   94   1   2   5   2   1   82 ]
G [ 14   3   5   96   6   3   94   6 ]
T [ 13   1   2   1   10   2   2   8 ]
>ZBTB12
A [ 3   3   39   2   94   95   1 ]
C [ 92   5   2   2   2   1   95 ]
G [ 4   4   58   93   2   2   1 ]
T [ 1   88   1   3   2   2   3 ]
>MECOM
A [ 74   0   100   4   100   96   0   100   0   89   85 ]
C [ 4   4   0   37   0   0   0   0   11   4   0 ]
G [ 7   92   0   0   0   4   100   0   0   0   15 ]
T [ 15   4   0   59   0   0   0   0   89   7   0 ]
>PHOX2B
A [ 19   80   96   3   5   81   91   95   2   8   80   30 ]
C [ 5   4   1   1   68   4   3   1   1   4   4   9 ]
G [ 5   4   1   1   4   1   3   1   1   2   4   10 ]
T [ 71   12   2   95   23   14   3   3   96   86   12   51 ]
